      1.0000000        22.394940        12.000000        7.0000000        49.000000        43.000000       0.00000000        3.0000000 
      0.00000000        7.2320000        8.0000000        10.000000        100.00000        34.000000       0.00000000        7.0000000 
       1.0000000        18.271990        12.000000        4.0000000        16.000000        41.000000        1.0000000        5.0000000 
      0.00000000        28.069000        14.000000        2.0000000        4.0000000        43.000000       0.00000000        2.0000000 
       1.0000000        23.800000        12.000000        24.000000        576.00000        45.000000       0.00000000        1.0000000 
      0.00000000        96.000000        17.000000        1.0000000        1.0000000        34.000000        1.0000000        2.0000000 
      0.00000000        37.300000        12.000000        13.000000        169.00000        45.000000       0.00000000        2.0000000 
      0.00000000        21.768000        14.000000        15.000000        225.00000        36.000000        1.0000000       0.00000000 
       1.0000000        7.7998890        12.000000        10.000000        100.00000        31.000000       0.00000000        1.0000000 
      0.00000000        28.630000        16.000000        6.0000000        36.000000        37.000000       0.00000000        3.0000000 
      0.00000000        22.800000        12.000000        12.000000        144.00000        30.000000        1.0000000       0.00000000 
       1.0000000        17.201020        12.000000        19.000000        361.00000        38.000000       0.00000000       0.00000000 
      0.00000000        13.075000        12.000000        17.000000        289.00000        43.000000        1.0000000        1.0000000 
      0.00000000        6.0000000        12.000000       0.00000000       0.00000000        35.000000        1.0000000        3.0000000 
      0.00000000        16.050000        17.000000        10.000000        100.00000        30.000000        2.0000000       0.00000000 
       1.0000000        13.300080        12.000000        19.000000        361.00000        54.000000       0.00000000       0.00000000 
       1.0000000        23.150000        12.000000        8.0000000        64.000000        40.000000       0.00000000        1.0000000 
       1.0000000        10.500080        13.000000        36.000000        1296.0000        59.000000       0.00000000       0.00000000 
       1.0000000        25.700000        12.000000        9.0000000        81.000000        47.000000       0.00000000        1.0000000 
      0.00000000        21.100000        12.000000        20.000000        400.00000        47.000000       0.00000000       0.00000000 
      0.00000000        11.550000        12.000000        7.0000000        49.000000        32.000000        1.0000000        1.0000000 
      0.00000000        6.3400000        5.0000000       0.00000000       0.00000000        57.000000       0.00000000       0.00000000 
      0.00000000        10.550000        12.000000       0.00000000       0.00000000        56.000000       0.00000000       0.00000000 
       1.0000000        25.000060        10.000000        13.000000        169.00000        43.000000       0.00000000        1.0000000 
       1.0000000        18.194990        12.000000        14.000000        196.00000        43.000000       0.00000000        1.0000000 
      0.00000000        8.1000000        12.000000        7.0000000        49.000000        30.000000        1.0000000        2.0000000 
       1.0000000        25.999920        13.000000        15.000000        225.00000        34.000000       0.00000000        1.0000000 
       1.0000000        23.500000        16.000000        7.0000000        49.000000        35.000000        1.0000000        2.0000000 
       1.0000000        22.299930        10.000000        8.0000000        64.000000        47.000000       0.00000000       0.00000000 
      0.00000000        20.883000        16.000000        8.0000000        64.000000        44.000000       0.00000000        2.0000000 
       1.0000000        44.000040        14.000000        15.000000        225.00000        46.000000       0.00000000       0.00000000 
       1.0000000        17.200000        16.000000        8.0000000        64.000000        34.000000       0.00000000        2.0000000 
       1.0000000        17.900000        12.000000        6.0000000        36.000000        40.000000       0.00000000        2.0000000 
      0.00000000        7.0400000        9.0000000       0.00000000       0.00000000        34.000000       0.00000000        1.0000000 
       1.0000000        34.600010        13.000000        19.000000        361.00000        54.000000       0.00000000        3.0000000 
      0.00000000        9.0900000        12.000000        1.0000000        1.0000000        36.000000       0.00000000        2.0000000 
      0.00000000        20.528000        9.0000000       0.00000000       0.00000000        36.000000        1.0000000        1.0000000 
       1.0000000        30.750060        10.000000        27.000000        729.00000        48.000000       0.00000000       0.00000000 
       1.0000000        18.219950        16.000000        16.000000        256.00000        54.000000       0.00000000       0.00000000 
      0.00000000        8.1170000        12.000000        18.000000        324.00000        51.000000       0.00000000       0.00000000 
       1.0000000        32.025020        17.000000        10.000000        100.00000        38.000000       0.00000000        2.0000000 
      0.00000000        21.417000        12.000000        7.0000000        49.000000        44.000000       0.00000000        3.0000000 
      0.00000000        14.694000        12.000000        3.0000000        9.0000000        30.000000       0.00000000       0.00000000 
       1.0000000        52.499950        13.000000        25.000000        625.00000        45.000000       0.00000000        1.0000000 
       1.0000000        27.199990        9.0000000        11.000000        121.00000        53.000000       0.00000000       0.00000000 
       1.0000000        10.700070        12.000000        21.000000        441.00000        51.000000       0.00000000       0.00000000 
       1.0000000        19.499980        12.000000        5.0000000        25.000000        30.000000       0.00000000        2.0000000 
       1.0000000        31.200000        13.000000        4.0000000        16.000000        33.000000       0.00000000        3.0000000 
       1.0000000        9.0480260        9.0000000        1.0000000        1.0000000        34.000000       0.00000000        4.0000000 
      0.00000000        16.600000        12.000000        8.0000000        64.000000        32.000000       0.00000000        3.0000000 
       1.0000000        28.039940        12.000000        19.000000        361.00000        37.000000       0.00000000        3.0000000 
      0.00000000        63.200000        16.000000        22.000000        484.00000        50.000000       0.00000000       0.00000000 
       1.0000000        23.675060        16.000000        4.0000000        16.000000        45.000000       0.00000000        3.0000000 
      0.00000000        23.500000        12.000000        5.0000000        25.000000        33.000000        1.0000000        3.0000000 
       1.0000000        17.150000        12.000000        2.0000000        4.0000000        32.000000       0.00000000        1.0000000 
       1.0000000        22.500000        16.000000        6.0000000        36.000000        31.000000        1.0000000        2.0000000 
      0.00000000        21.950000        12.000000       0.00000000       0.00000000        45.000000       0.00000000       0.00000000 
      0.00000000        37.250000        17.000000        4.0000000        16.000000        38.000000       0.00000000        2.0000000 
      0.00000000        18.520000        12.000000        7.0000000        49.000000        33.000000        2.0000000       0.00000000 
       1.0000000        23.668020        11.000000        9.0000000        81.000000        39.000000       0.00000000        1.0000000 
       1.0000000        11.099920        12.000000        19.000000        361.00000        36.000000       0.00000000        1.0000000 
      0.00000000        28.363000        9.0000000        12.000000        144.00000        39.000000       0.00000000        3.0000000 
       1.0000000        12.999960        15.000000        16.000000        256.00000        45.000000       0.00000000        1.0000000 
       1.0000000        14.699990        12.000000        16.000000        256.00000        47.000000       0.00000000        1.0000000 
       1.0000000        20.950050        17.000000        29.000000        841.00000        54.000000       0.00000000        1.0000000 
      0.00000000        18.150000        12.000000        3.0000000        9.0000000        49.000000       0.00000000       0.00000000 
      0.00000000        11.000000        7.0000000        2.0000000        4.0000000        49.000000       0.00000000        1.0000000 
       1.0000000        17.090000        12.000000        11.000000        121.00000        33.000000        2.0000000       0.00000000 
      0.00000000        19.237000        12.000000        23.000000        529.00000        52.000000       0.00000000       0.00000000 
      0.00000000        20.000000        15.000000        6.0000000        36.000000        54.000000       0.00000000       0.00000000 
      0.00000000        18.200000        12.000000        1.0000000        1.0000000        47.000000       0.00000000        1.0000000 
       1.0000000        25.089990        17.000000        8.0000000        64.000000        40.000000        1.0000000        2.0000000 
       1.0000000        70.749930        16.000000        11.000000        121.00000        48.000000       0.00000000        1.0000000 
      0.00000000        33.856000        14.000000        10.000000        100.00000        54.000000       0.00000000       0.00000000 
      0.00000000        13.350000        12.000000        10.000000        100.00000        47.000000       0.00000000       0.00000000 
       1.0000000        15.590880        10.000000        10.000000        100.00000        30.000000       0.00000000        1.0000000 
       1.0000000        13.294970        12.000000        18.000000        324.00000        47.000000       0.00000000       0.00000000 
      0.00000000        28.900000        16.000000        8.0000000        64.000000        48.000000       0.00000000        1.0000000 
       1.0000000        6.4908400        16.000000        25.000000        625.00000        54.000000       0.00000000       0.00000000 
       1.0000000        20.600000        14.000000        12.000000        144.00000        30.000000       0.00000000       0.00000000 
      0.00000000        17.410000        9.0000000        10.000000        100.00000        37.000000        1.0000000        3.0000000 
      0.00000000        14.500000        12.000000        8.0000000        64.000000        32.000000        1.0000000        1.0000000 
       1.0000000        16.141950        16.000000        11.000000        121.00000        54.000000       0.00000000        1.0000000 
       1.0000000        34.857000        12.000000        3.0000000        9.0000000        54.000000       0.00000000       0.00000000 
      0.00000000        6.0000000        12.000000        5.0000000        25.000000        36.000000       0.00000000        2.0000000 
       1.0000000        26.000000        16.000000        31.000000        961.00000        59.000000       0.00000000       0.00000000 
       1.0000000        18.199980        10.000000        2.0000000        4.0000000        36.000000       0.00000000        5.0000000 
       1.0000000        9.0200080        10.000000        1.0000000        1.0000000        32.000000       0.00000000        2.0000000 
      0.00000000        25.100000        12.000000       0.00000000       0.00000000        30.000000        1.0000000        1.0000000 
      0.00000000        45.250000        14.000000        7.0000000        49.000000        31.000000        1.0000000        2.0000000 
       1.0000000        17.020050        15.000000        11.000000        121.00000        33.000000        1.0000000        1.0000000 
       1.0000000        17.774000        12.000000        9.0000000        81.000000        45.000000       0.00000000        2.0000000 
       1.0000000        15.500000        12.000000        11.000000        121.00000        34.000000       0.00000000       0.00000000 
      0.00000000        12.000000        12.000000        1.0000000        1.0000000        30.000000       0.00000000        3.0000000 
      0.00000000        8.0000000        12.000000        1.0000000        1.0000000        49.000000       0.00000000       0.00000000 
       1.0000000        15.050000        11.000000        4.0000000        16.000000        32.000000       0.00000000        1.0000000 
      0.00000000        10.592000        8.0000000        2.0000000        4.0000000        58.000000       0.00000000       0.00000000 
       1.0000000        26.090080        12.000000        14.000000        196.00000        47.000000       0.00000000       0.00000000 
      0.00000000        34.000000        12.000000        8.0000000        64.000000        37.000000       0.00000000        1.0000000 
      0.00000000        12.092000        12.000000        3.0000000        9.0000000        31.000000        1.0000000       0.00000000 
       1.0000000        14.000010        12.000000        16.000000        256.00000        34.000000       0.00000000        1.0000000 
       1.0000000        24.700000        14.000000        6.0000000        36.000000        56.000000       0.00000000       0.00000000 
      0.00000000        22.846000        12.000000        9.0000000        81.000000        36.000000       0.00000000        2.0000000 
      0.00000000        14.000000        12.000000        25.000000        625.00000        43.000000       0.00000000        1.0000000 
       1.0000000        6.0160240        13.000000        11.000000        121.00000        49.000000       0.00000000        1.0000000 
      0.00000000        12.100000        12.000000        9.0000000        81.000000        30.000000        2.0000000       0.00000000 
      0.00000000        23.260000        12.000000        4.0000000        16.000000        46.000000       0.00000000       0.00000000 
      0.00000000        51.000000        16.000000        1.0000000        1.0000000        41.000000       0.00000000        2.0000000 
      0.00000000        18.400000        10.000000       0.00000000       0.00000000        42.000000       0.00000000        2.0000000 
       1.0000000        12.824940        12.000000        22.000000        484.00000        45.000000       0.00000000        1.0000000 
       1.0000000        46.645060        12.000000        12.000000        144.00000        47.000000       0.00000000       0.00000000 
      0.00000000        31.700000        13.000000        6.0000000        36.000000        42.000000       0.00000000        1.0000000 
      0.00000000        12.090000        8.0000000        1.0000000        1.0000000        51.000000       0.00000000       0.00000000 
      0.00000000        17.505000        12.000000        24.000000        576.00000        53.000000       0.00000000        1.0000000 
       1.0000000        9.5600000        12.000000        15.000000        225.00000        45.000000       0.00000000       0.00000000 
       1.0000000        41.399910        16.000000        9.0000000        81.000000        47.000000       0.00000000        1.0000000 
      0.00000000        10.040000        7.0000000        20.000000        400.00000        54.000000       0.00000000       0.00000000 
       1.0000000        13.392000        7.0000000        13.000000        169.00000        48.000000       0.00000000        3.0000000 
       1.0000000        19.800000        17.000000        7.0000000        49.000000        34.000000        1.0000000        1.0000000 
       1.0000000        27.999950        12.000000        23.000000        529.00000        46.000000       0.00000000       0.00000000 
       1.0000000        28.800000        12.000000        24.000000        576.00000        52.000000       0.00000000       0.00000000 
       1.0000000        10.499980        8.0000000        11.000000        121.00000        48.000000       0.00000000       0.00000000 
      0.00000000        8.6300000        12.000000       0.00000000       0.00000000        49.000000       0.00000000       0.00000000 
       1.0000000        9.5000000        8.0000000        17.000000        289.00000        52.000000       0.00000000       0.00000000 
      0.00000000        11.225000        12.000000       0.00000000       0.00000000        50.000000       0.00000000       0.00000000 
      0.00000000        13.399000        12.000000        8.0000000        64.000000        49.000000       0.00000000        1.0000000 
       1.0000000        9.4660400        13.000000        2.0000000        4.0000000        31.000000       0.00000000        1.0000000 
      0.00000000        14.450000        12.000000        18.000000        324.00000        54.000000       0.00000000        2.0000000 
       1.0000000        9.9999800        11.000000        4.0000000        16.000000        37.000000       0.00000000        3.0000000 
       1.0000000        10.999980        14.000000        11.000000        121.00000        32.000000       0.00000000       0.00000000 
       1.0000000        13.731910        12.000000        27.000000        729.00000        51.000000       0.00000000        1.0000000 
       1.0000000        13.700000        14.000000        12.000000        144.00000        30.000000        2.0000000        1.0000000 
      0.00000000        20.300000        12.000000        5.0000000        25.000000        44.000000       0.00000000        1.0000000 
       1.0000000        6.7999960        12.000000        6.0000000        36.000000        34.000000       0.00000000        3.0000000 
       1.0000000        12.708970        11.000000        19.000000        361.00000        37.000000       0.00000000        3.0000000 
       1.0000000        17.479000        13.000000        18.000000        324.00000        48.000000       0.00000000       0.00000000 
       1.0000000        19.500050        17.000000        28.000000        784.00000        49.000000       0.00000000       0.00000000 
      0.00000000        15.825000        9.0000000        3.0000000        9.0000000        42.000000       0.00000000        2.0000000 
       1.0000000        18.499950        12.000000        14.000000        196.00000        32.000000       0.00000000       0.00000000 
       1.0000000        19.205000        12.000000        10.000000        100.00000        34.000000       0.00000000        2.0000000 
      0.00000000        21.014000        12.000000        6.0000000        36.000000        51.000000       0.00000000        1.0000000 
       1.0000000        33.049970        17.000000        12.000000        144.00000        50.000000       0.00000000        1.0000000 
       1.0000000        14.400000        16.000000        14.000000        196.00000        43.000000        1.0000000       0.00000000 
       1.0000000        9.6450860        11.000000        2.0000000        4.0000000        41.000000       0.00000000        2.0000000 
       1.0000000        13.871960        7.0000000        15.000000        225.00000        43.000000       0.00000000        3.0000000 
       1.0000000        9.6200020        11.000000        23.000000        529.00000        41.000000       0.00000000       0.00000000 
       1.0000000        32.349960        12.000000        6.0000000        36.000000        58.000000       0.00000000       0.00000000 
       1.0000000        8.2749530        12.000000        4.0000000        16.000000        31.000000        1.0000000        1.0000000 
       1.0000000        3.6709780        12.000000        26.000000        676.00000        52.000000       0.00000000       0.00000000 
      0.00000000        50.300000        15.000000        1.0000000        1.0000000        32.000000        1.0000000        1.0000000 
      0.00000000        17.400000        12.000000        8.0000000        64.000000        43.000000        1.0000000        2.0000000 
      0.00000000        21.700000        12.000000        12.000000        144.00000        45.000000       0.00000000        1.0000000 
       1.0000000        18.000040        9.0000000        13.000000        169.00000        31.000000       0.00000000        3.0000000 
       1.0000000        20.800070        17.000000        10.000000        100.00000        34.000000       0.00000000       0.00000000 
      0.00000000        32.500000        12.000000        6.0000000        36.000000        47.000000       0.00000000        2.0000000 
       1.0000000        11.627940        6.0000000        37.000000        1369.0000        55.000000       0.00000000       0.00000000 
      0.00000000        18.750000        10.000000        10.000000        100.00000        51.000000       0.00000000        1.0000000 
      0.00000000        22.000000        10.000000        3.0000000        9.0000000        48.000000       0.00000000        1.0000000 
      0.00000000        29.000000        16.000000        11.000000        121.00000        33.000000        1.0000000        1.0000000 
      0.00000000        25.700000        16.000000        5.0000000        25.000000        30.000000        1.0000000        1.0000000 
      0.00000000        18.010000        14.000000        3.0000000        9.0000000        35.000000        1.0000000        2.0000000 
       1.0000000        32.900030        12.000000        9.0000000        81.000000        40.000000       0.00000000        1.0000000 
       1.0000000        32.700010        17.000000        6.0000000        36.000000        47.000000       0.00000000       0.00000000 
      0.00000000        47.500000        12.000000        4.0000000        16.000000        32.000000        1.0000000        3.0000000 
       1.0000000        7.1999730        8.0000000        2.0000000        4.0000000        30.000000        1.0000000        5.0000000 
       1.0000000        17.070000        16.000000        15.000000        225.00000        37.000000       0.00000000       0.00000000 
       1.0000000        10.775040        12.000000        24.000000        576.00000        45.000000       0.00000000       0.00000000 
      0.00000000        31.500000        17.000000        2.0000000        4.0000000        48.000000       0.00000000        1.0000000 
       1.0000000        13.499990        12.000000        23.000000        529.00000        45.000000       0.00000000       0.00000000 
      0.00000000        30.000000        10.000000        1.0000000        1.0000000        45.000000       0.00000000       0.00000000 
       1.0000000        20.500020        12.000000        14.000000        196.00000        54.000000       0.00000000       0.00000000 
       1.0000000        51.299630        17.000000        17.000000        289.00000        44.000000       0.00000000        1.0000000 
      0.00000000        22.610000        12.000000        13.000000        169.00000        54.000000       0.00000000        2.0000000 
      0.00000000        17.970000        11.000000        10.000000        100.00000        48.000000       0.00000000        1.0000000 
      0.00000000        33.920000        12.000000        3.0000000        9.0000000        40.000000        1.0000000        3.0000000 
       1.0000000        25.600000        12.000000        12.000000        144.00000        32.000000       0.00000000        1.0000000 
      0.00000000        13.530000        12.000000        14.000000        196.00000        47.000000       0.00000000        3.0000000 
      0.00000000        18.874000        14.000000        10.000000        100.00000        44.000000        2.0000000        3.0000000 
      0.00000000        5.0000000        12.000000        10.000000        100.00000        34.000000        2.0000000        3.0000000 
       1.0000000        23.600010        17.000000        9.0000000        81.000000        36.000000       0.00000000        2.0000000 
      0.00000000        11.895000        9.0000000        17.000000        289.00000        43.000000       0.00000000       0.00000000 
      0.00000000        19.365000        8.0000000       0.00000000       0.00000000        46.000000       0.00000000        4.0000000 
       1.0000000        11.200010        10.000000        1.0000000        1.0000000        36.000000        1.0000000        2.0000000 
      0.00000000        16.476000        12.000000        7.0000000        49.000000        59.000000       0.00000000       0.00000000 
      0.00000000        18.850000        12.000000        15.000000        225.00000        44.000000       0.00000000        4.0000000 
      0.00000000        25.000000        12.000000        10.000000        100.00000        47.000000       0.00000000       0.00000000 
       1.0000000        10.910060        12.000000        14.000000        196.00000        32.000000        1.0000000       0.00000000 
      0.00000000        8.0090000        10.000000        2.0000000        4.0000000        33.000000        1.0000000        2.0000000 
      0.00000000        27.850000        13.000000        15.000000        225.00000        43.000000        1.0000000        1.0000000 
      0.00000000        21.823000        12.000000        4.0000000        16.000000        43.000000       0.00000000        5.0000000 
       1.0000000        25.075040        12.000000        9.0000000        81.000000        43.000000       0.00000000        3.0000000 
       1.0000000        27.799960        17.000000        8.0000000        64.000000        54.000000       0.00000000       0.00000000 
      0.00000000        20.200000        13.000000        7.0000000        49.000000        53.000000       0.00000000       0.00000000 
      0.00000000        42.250000        12.000000        3.0000000        9.0000000        30.000000        1.0000000        1.0000000 
      0.00000000        73.600000        13.000000        3.0000000        9.0000000        31.000000        3.0000000        1.0000000 
      0.00000000        30.650000        12.000000       0.00000000       0.00000000        46.000000        1.0000000        4.0000000 
       1.0000000        28.200010        17.000000        2.0000000        4.0000000        34.000000        1.0000000        2.0000000 
      0.00000000        13.390000        12.000000        3.0000000        9.0000000        44.000000       0.00000000        1.0000000 
      0.00000000        14.550000        12.000000        15.000000        225.00000        43.000000       0.00000000        2.0000000 
      0.00000000        12.646000        10.000000        7.0000000        49.000000        47.000000       0.00000000       0.00000000 
